741
24
349
835
584
401
820
301
145
319
761
178
966
58
559
141
600
531
11
186
970
11
621
110
3
274
926
859
801
942
850
541
317
551
728
900
951
899
200
95
569
960
625
534
369
183
26
968
713
388
153
682
399
125
143
753
751
420
963
551
361
165
443
677
715
170
576
665
68
127
111
988
438
735
521
806
269
546
773
981
934
277
14
684
402
508
788
504
928
750
54
288
914
496
317
980
18
244
996
437
371
107
425
808
193
297
966
462
195
738
794
128
367
160
163
120
667
302
623
594
403
676
234
317
523
550
648
892
793
644
329
515
102
105
675
646
401
640
459
595
729
253
74
95
764
588
214
430
889
188
376
292
863
609
960
738
510
607
629
654
602
309
521
55
413
195
53
814
186
511
760
266
115
834
361
878
421
926
660
662
114
35
953
328
995
264
417
504
222
46
509
824
706
29
230
119
223
282
284
760
145
43
26
259
228
738
489
1
663
148
662
128
534
614
456
880
229
872
735
450
269
243
625
327
272
855
797
846
488
80
958
984
474
983
595
54
72
83
54
734
582
715
214
467
680
669
346
908
892
432
709
513
674
334
839
297
540
987
495
27
418
452
363
891
786
957
296
857
39
349
942
972
415
155
438
94
175
135
353
419
566
62
931
239
395
121
888
934
459
382
312
876
185
26
766
322
982
62
530
20
762
471
343
177
978
780
622
152
914
975
570
831
388
852
70
134
324
309
419
782
42
82
657
578
108
775
899
89
188
428
461
301
250
803
477
227
935
99
731
200
425
652
31
812
856
452
297
531
760
715
313
801
796
321
730
903
447
628
992
986
407
804
287
8
606
763
587
892
213
317
92
989
320
122
800
175
573
96
706
332
162
370
484
958
42
213
860
489
192
203
826
950
358
112
957
964
227
543
207
439
211
298
428
531
419
579
57
343
27
762
674
188
483
509
497
525
73
709
365
264
263
542
213
621
654
522
936
880
416
142
670
627
440
449
509
210
380
917
553
758
679
226
297
513
87
794
389
159
502
105
775
764
647
339
736
300
860
671
531
276
813
552
254
252
1
114
461
732
30
13
489
60
591
785
573
29
930
961
187
431
418
313
547
64
652
282
363
511
305
245
138
117
796
743
720
148
856
180
879
238
545
367
297
487
504
221
515
433
182
53
216
599
366
114
14
369
747
728
879
51
972
17
167
119
111
886
619
967
418
497
204
314
216
500
800
719
73
666
503
254
70
718
204
787
831
569
155
578
296
386
628
619
754
147
737
864
32
355
830
801
204
385
114
419
237
265
489
309
930
991
914
352
61
469
490
243
37
645
820
332
30
800
950
135
298
38
998
329
745
180
130
948
564
595
718
800
860
558
460
141
548
373
844
960
193
334
203
229
978
374
912
359
525
213
493
822
603
842
503
347
21
984
294
585
578
11
736
789
920
196
930
819
920
773
779
113
106
333
693
435
706
957
145
583
169
989
404
771
831
258
117
851
241
762
787
819
124
523
607
43
70
888
862
989
661
992
453
118
324
498
905
29
454
401
963
974
390
367
745
572
624
213
422
217
327
209
387
450
83
345
845
152
233
706
492
245
49
297
362
372
794
618
752
599
19
715
572
408
433
668
979
408
881
752
624
559
312
10
360
746
355
204
249
939
261
741
183
309
389
896
680
534
514
432
132
884
498
55
291
930
723
621
337
955
724
313
513
388
674
872
133
28
428
382
966
688
474
500
349
862
396
28
747
261
811
230
144
660
284
786
589
358
758
278
664
833
590
528
220
615
752
353
643
179
734
960
218
207
812
566
420
559
946
518
171
108
747
314
768
382
451
708
92
560
985
755
744
926
283
964
541
34
668
535
564
401
846
781
959
657
347
730
567
644
599
737
751
345
402
518
78
204
226
169
763
562
276
507
840
558
822
732
943
489
266
506
241
463
286
199
120
984
280
686
627
878
423
730
574
824
247
651
28
824
172
142
738
447
1000
577
356
821
308
298
661
925
155
901
387
792
451
506
776
730
544
754
959
318
483
532
493
82
535
872
905
706
366
642
504
365
570
859
538
877
508
198
801
14
451
188
805
901
45
932
631
940
686
589
257
520
473
102
601
7
973
858
712
338
851
567
55
421
777
944
649
636
493
450
649
943
989
805
844
385
737
474
325
774
414
933
293
886
34
894
892
359
103
955
48
953
873
102
373
649
397
374
284
890
175
932
832
163
89
675
899
825
500
223
598
266
508
890
151
893
135
395
251
237
701
651
542
574
104
266
222
501
639
858
390
813
