62
629
890
163
194
684
334
873
594
767
779
294
447
689
383
910
281
999
994
174
325
845
40
61
896
295
201
942
376
495
961
789
124
850
303
669
886
636
541
479
403
671
124
201
712
859
110
992
209
456
517
533
300
556
945
547
202
145
488
577
992
800
717
115
1
20
783
886
7
675
365
761
345
488
961
408
346
423
399
554
230
916
439
881
823
383
427
25
880
266
953
871
65
22
337
65
393
119
303
399
145
667
512
841
506
824
249
852
246
999
757
827
266
195
707
89
930
485
465
809
750
417
679
166
438
15
583
830
485
885
581
981
903
92
173
408
267
421
611
865
772
368
691
37
914
398
125
843
882
589
3
984
358
33
501
147
399
435
977
235
671
909
215
573
352
740
333
618
160
943
482
283
662
173
320
576
922
796
770
155
737
125
138
94
157
991
240
908
425
568
142
448
476
709
20
179
448
352
797
959
647
630
242
308
802
561
235
723
356
5
230
92
481
367
537
637
709
129
544
134
696
38
933
524
746
952
54
193
656
850
503
654
480
744
961
633
656
196
708
12
552
937
455
32
655
344
20
364
472
916
849
519
953
781
42
698
84
448
242
91
297
96
744
128
840
57
113
847
252
820
210
155
108
665
186
762
360
557
477
831
472
325
349
424
457
743
473
541
190
66
983
838
162
727
318
353
783
430
199
386
601
409
540
708
425
77
821
784
633
298
966
105
974
314
880
431
56
353
323
597
770
305
435
931
383
752
283
165
533
834
550
133
594
441
192
18
517
12
153
502
661
118
606
987
783
837
417
191
541
91
787
311
395
573
241
130
324
876
294
856
61
196
340
654
636
531
23
505
895
527
6
555
644
963
893
426
799
661
616
340
751
755
2
498
327
242
627
3
469
272
210
881
467
550
534
455
80
908
959
326
434
316
233
429
630
125
207
780
786
822
471
536
928
472
385
255
66
11
257
886
283
466
767
101
367
300
555
447
560
865
124
993
532
356
422
161
481
628
293
266
801
763
801
729
235
538
335
652
548
943
537
182
760
303
635
127
955
541
925
514
758
48
506
289
404
279
802
884
258
94
149
59
208
301
139
442
190
825
93
738
767
982
271
526
284
905
652
238
446
928
751
555
976
609
843
379
887
996
614
497
441
114
907
649
414
397
442
956
221
887
693
339
868
315
216
151
572
220
741
369
147
491
923
122
451
765
852
690
113
465
186
553
578
92
201
344
488
643
299
708
529
343
398
748
657
613
898
228
832
638
596
979
481
870
452
931
635
304
620
99
768
805
651
698
248
852
41
735
846
691
794
726
33
191
473
41
156
722
621
987
360
568
317
192
438
121
122
424
424
94
522
543
250
172
592
498
375
984
584
572
674
378
297
58
920
121
99
75
843
71
414
554
638
82
745
427
202
866
850
977
311
371
872
561
895
463
58
621
447
993
193
472
370
841
530
642
962
980
68
156
402
833
709
39
915
453
818
468
670
667
797
981
390
668
541
636
482
950
256
928
942
448
400
664
641
281
305
602
612
372
757
13
205
465
403
471
269
220
290
938
887
86
918
628
753
458
263
587
407
870
514
701
318
265
364
958
545
668
911
508
391
19
520
595
835
923
417
103
142
707
40
380
792
310
7
897
767
621
483
526
491
348
578
160
965
941
469
509
608
731
369
350
749
888
945
583
810
713
37
952
419
428
683
563
737
42
811
856
662
293
381
504
992
958
15
956
250
483
817
209
565
185
558
313
72
854
247
882
567
283
185
985
63
219
899
799
260
709
654
274
353
386
777
345
343
144
652
944
978
468
152
543
652
710
207
76
915
454
309
481
88
845
818
150
63
716
949
323
425
954
596
777
340
724
473
34
219
125
978
197
944
481
739
596
190
945
23
105
750
331
937
838
527
754
339
589
822
639
263
246
593
210
374
284
934
199
317
152
675
646
700
618
127
438
565
668
735
587
124
484
269
61
673
795
814
364
736
635
2
998
232
946
208
958
581
493
508
898
996
182
895
696
799
21
485
364
689
219
302
812
703
571
872
727
717
38
90
452
24
444
802
608
741
9
917
674
853
424
571
848
605
817
895
403
838
380
118
878
598
420
689
652
990
913
379
706
302
820
510
677
615
311
284
708
671
200
381
523
623
303
722
227
119
617
982
956
996
99
833
945
518
874
597
859
138
327
917
439
498
426
115
113
88
751
820
758
950
552
632
925
854
705
503
972
321
836
280
668
935
112
613
804
337
561
663
474
887
579
264
736
356
379
848
795
129
19
904
430
570
535
